3242995
11235
58024
5463
1748
486472
1356
22048
1186
27275
47672
4512
25277
159868
36004
29198
49108
792
56037
123738
167394
117892
34374
41550
269
33910
161227
2038907
1055
16990
2634
1402078
638740
34366
3769
488278
170027
971
29265
130958
80919
8733
1222
150928
179684
5859
1265
16641
80344
1489
970
657
1049
730
54504
82613
5428
33959
1521725
12563
980
34664
270
749811
42462
188712
29466
151993
1032
11260
34675
18869
33132
10905515
2358411
40194
122909
18536
31063
131230
215030
632794
10686
1207
759
17070
31487
131969
31900
230899
179200
12193
188617
1974
1754
899
1173
683
161885
1415
1445
231
17269
161491
131297
14112
174710
131397
41931
131354
12772
174
37320
194057
43332
3616
16556
945
879
60140
23334
483551
1737
164679
99309
16338015
985210
1829
784
9679
1393
524757
2090
7880
3304442
79996
173882
209184
2044
967
1952
727
977
510
1887338
168756
956
1202
954
205495
1211
6346
188304
125821
15786
180182
18094
172613
114295
1471
1212
1494
187334
1792
8691
774
29364
1014
164983
874
37362
18221
4361
7795
2004262
44687
626
3183
5813
34713
1865480
11943
975
2751
81307
93332
52062
28179
174335
151480
2814
1020
1273
192557
37200
25263
1983493
7835
129143
1780
1505
724
1546
1025
638904
1930
31945
22889
871991
9678
914
1387
123577
1000
35958
11694
43196
819
127552
824
1603
1371
321437
574
102720
11767
71719
39061
1612
1227
1037
1342
101959
8577
804
1171
5690
917
833850
265
124425
62408
1865
1799
1050
1581
49658
272434
3757
23337
717
754
159599
71
128910
164256
1553
9648
85
986
35525
783
217
1197
1527
1537
1183
4628
26253
223644
58733
12837
170495
1726
3114
686
1286
1036
1361
916
933
1741
37093
72
3542
1456
9676
23430
999109
1529151
25322
6583
37230
382118
842
253414
236
181013
11929
48159
275662
24639
5456
1027
11708
7178
40605
1497
173034
44440
712
962
23883
637413
1761
228
1348
734
1391
953
6106
36380
1524
52418
5051616
180788
176
1492
817
23522
965
826
9337
36091
48249
8889
104770
12061013
1180
38095
40970
131389
1156
1588
779
115
1522
48314
785
81591
838278
138518
1757
34221
23635
16557
32494
193484
172030
4093
36704
11201
221
180402
41179
229
1509
45178
466
750
863
1044
200697
7204
1166
3141
1085
41520
624556
23197
23482
1231
340
456
1204
16552
82425
850231
757979
77
1558
326134
205976
39671
238
1261
878
15878
40171
172
32
18419
1397
1410
1042
1011
7156
35672
200130
2256
829
496360
13989
1400
771
1045
1009
16554
41304
974
38789
12514
152033
12508
19686
130754
1214
664609
1408
1454
35637
3224
35794
347
822
171178
29294
1019
1030
7350
38076
42646
200667
5484
2153814
13706
406
924
13991
161562
963
43708
329266
6373
23792
34404
912
5272356
790
644636
1370
1123997
649
11972
641
5092
34370
37836
49762
215
14773
192088
1519761
1794
19024
70
23548
23436
181185
524
330872
5725
191
12724
184
4478
1039
813
1747689
172691
3392
2981
28513
39231
26
398
13371
38022
1693
34433
482459
419
10690
810
36687
160409
7164
786
172851
7825
164815
1008
11703
11701
16555
351
13987
5806
211
816
837
223
1428
43777
8678
12439
17155
241
2807
227
11268
424
7809
208855
8646
98
214
233
65250
736
805
83497
865
37
9188
126399
118841
230
225
7804
18
1320376
711
921
399
11010
18097
16635
881
180
1016
43100
121233
796
212065
41187
24826
1005
118388
2430320
173
117
20
213
1029
1345
771405
24120
36204
15789
846
114
224
1439
262
18125
25173
935116
377156
222
22890
23556
1490
1028
656
189
232
800
1649
7341
423
169966
66096
49042
23681
1902016
833
869
3130
79
25
837833
11299
12544
35581
243028
83224
151030
1033
782
219
47131
858
41403
220
126982
486
7318
7343
19675
121378
252
28
34863
160659
10285
298
27
1771696
31
948
4918
1384
97
7348
34006
34
132568
7801
33
902
797
5083
828
22502
129029
49
62
45
884
64
739
928
3783
5086
414
100
12512
148
1218
237
51
812
1297
23768
212
854
4675
8652
40
99
334
1223
36
218
203233
851
5933
99717
889
23220
12495
83125
7184
9202
258
177567
322
212372
1013
16471
7785
48435
10806
584
96
366545
858651
5089
996113
23666
13950
12501
193306
685
16954
672
43
1239
843
769
243
155
691
760
95
676203
757
29
17
794
781
29520
763
2763
836
22
235
766
513
5451
38
15727208
42182
62378
55
41225
39
90
778
91413
664
159
21
1065
174825
35572
65
60
41
35
39054
156616
3249
183
215138
61
9141
16
84
408
668
145
30
