3757
833975
30
668
145
159
212
252
148
408
1239
155
16
1065
183
60
35
43708
7835
17
62
142
7156
223
334
84
55
9141
43332
1345
16555
2972691
235
833
4648
3130
1033
664
801
39
1370
1391
38
1748
96
414
29
928
8646
3630
423
43
513
168756
613
1008
794
258
65
21
843
782
61
736
225
99
878
884
836
865
2429253
869
11005
31
739627
88
846
1297
34
586
749497
216868
79
1384
35715
41
864855
20
1045828
234453
881
36
826
2885615
739
1378320
851
1510905
406
1133630
1183
90
208134
2093139
22890
2522306
4231772
902
503424
12501
889
22
189
854
797
218
15
636774
243
224
1028
1510467
1027
40
232
233
298
45
9949
1156
117
33
810
5788
5086
262
783
796
399
230
241
766
510
213
727
227
676203
229
5083
9202
217
115
220
641
786
8678
32
858
172
100
265
51
403
1492
974
184
28
424
49
222
822
12439
13371
48435
1490
242
114
812
23768
25
48
907112
6680227
23556
39420
4628
1019
219
874317
64
10285
419
214
39671
237
37
83497
191
14773
656
180402
1045
917
711
34404
717
174
37200
211
921
778
23666
398
9188
24639
27
1969730
8652
712
98
8686
924
1223
1400
11299
6106
956
215
1410
340
1009
1741
221
790
1218
176
26
842
649
771
1428
734
236
1085
3141
16554
16635
804
1042
1011
1353
347
1781
16559
36600
1044
118841
240
769
954
23635
15966495
45240
7204
97
16557
5428
817
14452
16869
16552
163820
1014
5451
819
7350
23883
986
709
1261
1527
11708
3183
948
244
524
1016
34221
1865
1761
756294
750
38022
691
206859
1519
1352
1166
120314
805
18125
490
5092
664609
1861
1726
1036
1486
2044
730
19675
919184
774
638904
28513
44440
16556
816
737945
12506
1454
41506
1899
1342
35672
855003
1186
1524
228
1397
916
5806
23197
5465
2946
792
102911
813
18419
8684
1348
177567
811
183113
1494
24826
28924
39054
23436
5813
41225
6610
1361
1204
1460
714828
79980
43473
754
18097
785
1581
129296
1445
1171
1387
828
49108
1190585
779
18221
23522
1588
1522
4093
1498
1506857
1794
1904
16565
724
175582
131354
3392
824
1509
1674054
1030
22647
958
1603
166
34006
7347
36091
929
963
4152
160659
977
21203
1055
1050
11703
49114
351
1952
874
1974
975
1537
498671
4675
1754
1227
1497
10288
12512
36312
2256
1854
9648
1191
49112
1214
1212
1951
25279
71
38095
760
238
1415
574
597
29466
7296
1029
1041
5785
49233
1141846
5705
1649
980
5089
912
1461
35794
172822
34932
5187
23148
829
2844
34804
41304
987
6583
1553
37836
516651
270983
18389
1930
23482
62378
16572
7525
41470
49088
18013
8691
174710
863
899
18438
2981
40236
945030
37320
1006
677037
51614
771405
365
3114
1558
2841
72
3783
37100
41819
1829
29294
188712
99309
33959
33946
25263
170456
64436
2634
759
965
3861
5484
34664
34647
26253
1393
16551
1546
33788
16563
33910
23154
23337
1774
80290
16553
8673
5513
8660
7354
5925
6346
1437
1135655
43196
43100
7343
8685
683
42182
3531107
83063
8810
9325
745608
12514
657
1207
275639
52631
953
43421
1032
1612
18094
160409
1653
83286
750245
678
20075
5463
40435
16567
270
585
128468
33935
34497
1456
1221
1025
34374
22424
18536
47716
16568
461357
1005
11690
11208
615767
36117
1335
2096
39450
69808
21578
1013
983
1020
397905
186125
25230
34800
13706
213205
10257
1371
3870
12892
85
784
17070
1462
189476
456
14112
39231
686
39473
10686
49115
47476
860188
172668
219060
129003
41642
3711
971
39193
18869
636540
6343
23311
31063
205367
3616
46772
713750
62408
43668
10690
49042
2023
3769
861921
1538
169962
45178
372324
13353
1874
230492
3224
71719
42000
131491
10862290
130958
93332
179191
576952
52062
2028659
18424
39121
19686
1764
5112
83813
1867
19660
8731
710
41087
18547
7903
16641
1627108
35086
1164
500253
18575
34600
3037
101625
17042
3820
11194
1757
12994
83101
87
30971
1185
43278
763
31487
2887
652046
1022
17012
1356
25231
45957
8828
49117
1627684
503301
133274
2943
5783
672
1979
8717
1211
70458
2135
40269
214944
40846
43199
1273
193439
2472694
207323
650836
134883
242803
1989
669037
9219
34217
1425428
685
8818
1780
495
1354
270995
2009
327
1530
43244
35765
192626
47134
125006
2620036
26988
35883
36332
934
5776
25596
3624
168751
170478
16562
11259
18808
5456
17151
6373
9427
40888
12837
700634
17054
36678
15174
34863
6602
200667
11007
1000
487119
1865480
152207
550
3692
1188
945
967
46239
75721
1479
548679
464257
214861
23681
1731
1858
83125
1286
2868
129677
192088
5933
1165
1249840
4777
4204
272434
42448
890783
25287
46280
194057
4614
27275
217265
914
172732
15878
151198
958391
16150196
79848
211618
36405
154182
1449
1522557
1265
213717
5118
39709
180422
970
530472
101959
36074
43070
1499
23661
23406
82613
159848
378143
2090
47611
47265
130018
9679
75459
9248
31945
6250
374365
34370
683705
350
1177
1891
435
585521
23427
118388
48335
49116
36036
54109
47164
42941
191739
42646
492386
57965
1604442
461371
72786
788
13217298
235242
163
187635
45368
161885
11274
4412
216344
285468
66485
34020
179684
1718
2145
172077
16644
36647
19446
79867
39760
49218
190128
26927
5582862
7419343
16990
206521
1070
1128327
781
2003
17704
83457
1362236
139564
316390
38555
1563
35581
171400
22889
220982
152225
2467
3960
173882
1773
3766
76122
128323
49148
1022918
5687
35484
1278477
22048
127856
178114
36947
23276
42462
42800
202175
5413
11725
70
42314
184478
766445
5725
176635
26273
584
487988
25362
632261
959
170516
1362638
7880
193196
3640
105313
308926
313301
472
184427
16739
35775
106187
48344
41262
78
18383
1574020
164027
1770
18224
304419
1007
49213
1174
32159
9888
1948
131252
1435
1052042
1480013
925252
28218
5838
205380
5753
104994
131198
130206
190080
43301
36433
5955
131626
16666
23430
641527
207870
7875112
25322
128745
179876
187805
34713
225641
212867
1792
1136962
159621
3206
49225
188096
583
37995
2141
1965
47916
23298
80344
182822
15175
82425
102720
6514
25395
191161
1020776
152051
1162
24861
161562
29272
219986
36687
8851
35958
11290
46033
131013
8969
23306
271195
2027162
567833
41164
178848
40285
178948
3826
270066
131347
32190
223644
504368
1520
269
43788
110403
843869
25228
2280
43048
1362
38234
44989
488004
212065
3908
48278
648501
9022
8703
121378
1321468
33486
134821
1039
1133309
749
49145
49212
216
33200
129234
229107
244165
46197
68740
1473969
29460
387047
764049
1142
9694
83786
309202
11746
2028
477125
180212
186309
226
371973
15799
322
60140
169997
323813
1850
7129047
1799
34617
234
242066
1800
172613
702
5511
5823
463179
3787
2966
68097
191218
545
165972
13580
372093
193727
188617
129610
7332
1515
11568
42070
131454
34675
140075
30002
23156
19572
54451
2132
1066
16558
3306
1054169
485176
5826
6225
164055
213439
838284
83065
34640
677163
31877
1148552
41211
92561
180531
330015
55816
34109
38453
82019
855235
1139250
522661
49650
35381
2630372
128069
132790
194215
1198
35997
609700
176609
35493
1050926
188705
28198
43296
129809
9375937
11277
49111
43448
126982
64105
953021
1568095
51679
200016
485172
437
39984
211778
1022965
47141
3838
54140
757
219563
124739
151055
1374
1363
79990
3327
2079
513821
105092
1437214
23725
192517
29052
29445
232771
49259
1715
2897849
26793
36454
86446
205318
184587
186702
49247
33405
5689
12707
7635863
626
1184
333886
6582
194316
23077
201026
49201
985
4948
1533
182565
499887
34820
3926
185582
1451
1017
184355
31057
180376
131389
186233
151374
152482
80299
42798
459578
193163
160236
115457
1147168
1749
933
217741
2673740
332474
459096
3995
1960
459173
152010
887
743898
37043
52028
2082
457281
186115
43382
1324340
1693
6441
186312
875637
79638
180573
753529
5818
40556
173292
79875
100166
202902
306201
3805
127429
821275
49231
42308
175517
5836
15207543
2656
185103
201743
1458
49266
2449
3410
28785
45671
29999
170027
232734
49241
677555
10566
3492
461572
466835
24879
130626
816843
430776
189471
169274
2072102
170377
245347
129143
82859
123559
133315
1663
152802
130191
773853
72303
1471
35600
133356
25280
126148
172125
16520
5468
5481
106652
384
86486
169132
213559
129846
273303
8688
381648
171224
49256
231699
1169
503415
26465
659219
171857
540102
11297
151897
2007
29422
912407
166276
26777
28848
1052807
170072
4361
545360
1145492
1953
15523
407199
844123
49242
192017
11196
13375
204853
26590
546
659400
425281
34575
4869025
3561
4176
132754
639421
1127212
72259
235283
629088
170919
1783719
107299
159762
4970
30974
23408
185382
172691
1491
484678
49110
200130
838330
120119
311
13917
9347
3761
336088
170495
3572
23157
8692
170263
803
163995
382973
744748
45797
35342
309331
43475
725883
161491
1599
212214
608039
10313
648
491540
81997
211844
611115
245247
503246
151030
617433
49167
80985
99236
3718
167715
463400
163132
188698
883
128147
49238
4527
1202
48320
83311
486860
559549
1173
1353201
1050826
5765
1130172
5505
37660
238508
8749
2030145
49236
185562
192334
37951
49268
178065
36755
217365
4478
934803
188161
128244
131230
80041
34739
42622
26087
845229
38283
839805
155144
23051
657461
80541
1144561
1120798
38272
79842
715286
215664
86473
671475
26509
54495
47588
24460
58731
180865
319654
124377
49149
160636
13116
81033
787124
2429397
455587
5317
132726
230899
23109
983650
220728
50816
20932
2061
54066
26372
80338
202730
12431
1068224
119285
190210
199797
3140
542146
7749795
138367
638398
40816
1754965
638740
1282278
332498
13786
19770
4461035
23204
9885
162442
537749
172572
390306
752091
83210
41179
23402
26262
213804
43463
622664
949297
859230
762570
6487
49273
168714
1050224
217039
1692282
728428
43194
599316
807966
1210
34692
49136
1302545
17063
45403
26339
1296
133116
128114
773213
940843
49012
3235
486306
3856
916943
241357
1295
690347
107393
39739
1842
892103
199528
186080
443909
1872409
842909
188856
191077
23066
6499360
1813
83443
3906600
33581
4092
335506
5680
25396
463937
642481
987729
123738
201970
29303
3551
38568
4629
153312
1193
2251
23159
1199
42200
1362211
2751
844502
62823
12630
201633
10086
1914893
14314
21197
597051
49240
5472
23064
574192
8826
86768
39561
68689
31058
181123
183314
134672
3070
1113311
189022
4078
6605
1051840
48159
76318
1061229
42810
39042
1537157
853258
1024624
327983
180274
807
5364202
370442
200340
104770
12191
849846
19689
13924
178741
160493
23220
43467
1427364
37211
1195
2833
5492
506234
4915
124010
6397
3934
604141
941908
235539
112915
3230327
14295
170174
185221
827695
107126
215255
36823
844837
48359
130965
179385
2123
612736
22905
189849
22690
40191
74195
2646503
19795
41741
1284
1513
49123
484799
910370
207754
180522
37400
3150270
180209
6521081
11751
771404
1260331
42956
42053
1124852
7792
151993
671288
5971
30623
178469
217346
4558
1678260
1025124
179046
1329269
23099
863038
19186
172640
160440
34110
193682
233678
40059
270844
189288
17581
93195
52535
1759226
130905
13670
65379
39651
490584
747129
48403
66568
81398
49227
80989
485186
169101
1198791
600614
182625
5419
1247
170322
135744
713628
1145348
171240
320454
168000
391028
205666
490732
3575947
79809
4168
390275
138396
181479
1660598
713960
201516
205325
1542550
589099
212646
2030
193193
11249
176691
41621
49243
679366
191824
4191
23079
123709
18068
858847
1508450
189648
676576
678313
1544972
1027700
329266
991369
23103
487315
191333
12603
418096
25270
134902
3503
128087
262483
8694
207808
130321
1424358
133566
1289
82185
82601
171458
14960
49229
1065223
13987
168515
506451
11959
253851
1785940
1763
184775
209842
34589
66743
163239
129421
178813
49179
638231
746573
160302
864862
202206
1553185
1435144
216273
81136
199605
1344605
616591
49221
56973
159260
174224
270375
217242
1963
215419
639129
13205
5226121
7193206
861548
51691
1216
217563
10305
187840
131620
3897
13869
2058
503419
12642
163749
7766239
36420
16707782
1033076
4120832
843887
14081
2421402
172157
15682
102728
55019
746647
2093794
80389
189133
49118
484458
163584
917276
11909
204989
176296
23308
272153
131008
48256
82070
2164598
47700
3579
1430712
1000740
25007
5760
1055866
80517
270222
189503
204561
219562
840668
51103
192240
737517
4526
207385
66616
123766
1507497
868421
41228
43407
40362
2367175
528042
568610
29364
132783
11769
755798
13364
194450
4040
3057766
1187170
1197
278204
207353
695221
5869
17872
78967
193638
1068752
208035
179029
3519
1735
51689
160139
1345100
48821
79245
58754
430267
193639
70285
1640118
1468607
23800
736627
79996
257830
606662
44160
40855
173527
170115
49158
1309
20934
158205
330136
214164
771572
179815
2369564
1068289
487999
1473
930276
271395
131335
109858
729768
127041
23229
5917
623260
139377
487981
127530
1071445
62646
958185
11260
169966
756452
25528
738258
569978
38733
1420239
205842
1502
377485
584451
1555
1247373
582280
163607
125074
1771696
228405
43919
781973
3138
38684
179444
455167
739700
443
809892
720102
2564257
621043
201469
192733
26732
603034
178925
170054
931796
1011895
41116
23183
268873
48370
52636
16892775
189602
108143
2598
23111
1249481
35178
23443
162082
431381
374096
1068258
2978
1156982
155921
239743
213510
190974
172438
41057
181962
7876005
1123997
25804
373567
44254
680614
83317
463273
8709
2583112
49126
1320403
166755
180788
213274
1338
124873
26831
203263
971998
988140
1783171
490595
665105
739641
953752
891
268
585769
7024
160199
35555
3396849
334569
171393
134905
9688
1732216
13298
326304
38891
217717
4991540
213360
217527
123377
6414
617
79860
3125051
6454
1122565
168400
28237
569678
546221
234004
144880
1359589
248970
969850
